/scatter
25.021484	1000000
60.196716	1000000
72.600037	1000000
82.075012	1000000
88.994568	1000000
89.274353	1000000
113.938904	1000000
115.398987	1000000
131.250732	1000000
139.441528	1000000
147.779785	1000000
164.091614	1000000
172.864136	1000000
203.014954	1000000
216.493958	1000000
221.901428	1000000
227.726562	1000000
253.479919	1000000
260.002319	1000000
268.037659	1000000
271.104370	1000000
277.422852	1000000
281.262512	1000000
289.253906	1000000
299.388611	1000000
301.081421	1000000
314.258118	1000000
322.710693	1000000
325.582947	1000000
339.644836	1000000
357.643311	1000000
370.116455	1000000
378.822327	1000000
390.650269	1000000
407.180664	1000000
418.909363	1000000
422.276428	1000000
424.857788	1000000
431.635925	1000000
434.607605	1000000
475.027161	1000000
476.470581	1000000
488.557678	1000000
489.769836	1000000
0.359558	1000001
10.587433	1000001
16.974304	1000001
21.676575	1000001
43.982605	1000001
45.518860	1000001
61.375610	1000001
70.411621	1000001
76.738525	1000001
79.808533	1000001
94.277649	1000001
95.736023	1000001
104.570068	1000001
119.786194	1000001
138.163391	1000001
147.128174	1000001
166.611328	1000001
189.544312	1000001
199.657898	1000001
209.820068	1000001
256.500549	1000001
271.351440	1000001
284.472229	1000001
288.246521	1000001
289.052551	1000001
300.137329	1000001
303.083252	1000001
309.988892	1000001
324.781982	1000001
329.196533	1000001
330.783569	1000001
331.753357	1000001
365.965820	1000001
390.569641	1000001
390.654175	1000001
400.106995	1000001
400.271667	1000001
403.109253	1000001
404.325134	1000001
437.920776	1000001
446.552979	1000001
460.060913	1000001
472.671692	1000001
477.817261	1000001
8.911255	1000002
43.038757	1000002
54.737671	1000002
69.966492	1000002
75.942383	1000002
98.949280	1000002
116.352478	1000002
128.428101	1000002
163.305847	1000002
168.695618	1000002
171.403320	1000002
172.041565	1000002
241.466187	1000002
256.792664	1000002
259.504822	1000002
285.559998	1000002
326.814453	1000002
348.544922	1000002
376.647644	1000002
382.527283	1000002
397.452332	1000002
402.588562	1000002
403.745911	1000002
431.908691	1000002
438.902710	1000002
442.637817	1000002
446.742249	1000002
447.334595	1000002
458.606812	1000002
474.655396	1000002
13.545105	1000003
24.209290	1000003
53.538879	1000003
54.831665	1000003
66.954163	1000003
68.761658	1000003
71.530151	1000003
79.286743	1000003
80.367310	1000003
120.095947	1000003
184.078979	1000003
197.931091	1000003
211.764832	1000003
212.087097	1000003
212.534180	1000003
214.729492	1000003
215.095032	1000003
222.608215	1000003
235.705872	1000003
245.412781	1000003
246.920105	1000003
248.837891	1000003
256.303894	1000003
261.435913	1000003
276.797729	1000003
280.951416	1000003
287.807373	1000003
288.855774	1000003
311.886902	1000003
318.118408	1000003
331.440552	1000003
345.344421	1000003
361.045776	1000003
362.221558	1000003
380.153076	1000003
396.605530	1000003
403.107178	1000003
412.534668	1000003
416.100830	1000003
428.686584	1000003
471.096008	1000003
475.166260	1000003
478.584839	1000003
478.918884	1000003
479.862976	1000003
498.944458	1000003
3.846558	1000004
6.615448	1000004
15.994934	1000004
22.503235	1000004
28.853149	1000004
33.264832	1000004
36.341858	1000004
37.846497	1000004
47.806396	1000004
60.747192	1000004
75.746826	1000004
78.528259	1000004
88.494141	1000004
98.576477	1000004
107.214233	1000004
114.923096	1000004
127.771729	1000004
143.221741	1000004
150.377197	1000004
151.670471	1000004
185.987244	1000004
189.956177	1000004
233.789673	1000004
239.838928	1000004
248.637268	1000004
256.411194	1000004
271.023926	1000004
298.563843	1000004
301.934021	1000004
308.403687	1000004
343.096619	1000004
357.630066	1000004
366.730103	1000004
375.670166	1000004
393.236206	1000004
393.490784	1000004
410.252380	1000004
416.155945	1000004
420.964294	1000004
422.975464	1000004
426.918518	1000004
460.998474	1000004
470.809448	1000004
471.713440	1000004
10.131714	1000005
16.020508	1000005
52.231079	1000005
64.819153	1000005
96.045898	1000005
106.252991	1000005
111.795776	1000005
115.990845	1000005
122.182922	1000005
135.195862	1000005
139.379089	1000005
156.450134	1000005
159.558228	1000005
160.543884	1000005
170.419434	1000005
175.758484	1000005
179.209473	1000005
202.996338	1000005
223.425415	1000005
226.739502	1000005
235.264771	1000005
238.363525	1000005
243.390137	1000005
243.553223	1000005
253.226685	1000005
257.830994	1000005
258.485229	1000005
270.621704	1000005
284.189392	1000005
317.046326	1000005
325.205200	1000005
345.143188	1000005
348.431946	1000005
391.208191	1000005
402.938721	1000005
418.701111	1000005
421.012329	1000005
426.852783	1000005
431.176208	1000005
434.188293	1000005
458.379333	1000005
464.802856	1000005
474.847595	1000005
477.944092	1000005
492.193604	1000005
17.097595	1000006
30.997192	1000006
31.316162	1000006
35.166443	1000006
41.204712	1000006
53.329468	1000006
55.641663	1000006
69.883850	1000006
93.140503	1000006
93.669800	1000006
94.227478	1000006
103.160095	1000006
112.811768	1000006
112.928955	1000006
124.019348	1000006
128.370239	1000006
152.597717	1000006
154.875549	1000006
185.183533	1000006
217.290894	1000006
217.979980	1000006
246.413574	1000006
248.049500	1000006
251.903992	1000006
254.503296	1000006
264.154297	1000006
267.429749	1000006
269.209290	1000006
273.436157	1000006
286.867065	1000006
292.604553	1000006
316.834656	1000006
323.466370	1000006
360.120544	1000006
389.631836	1000006
396.663818	1000006
411.351440	1000006
419.268066	1000006
456.166138	1000006
460.075073	1000006
469.334595	1000006
479.201965	1000006
487.603760	1000006
488.671265	1000006
4.067139	1000007
21.218079	1000007
21.922913	1000007
37.775513	1000007
77.935181	1000007
90.381531	1000007
130.450745	1000007
132.435425	1000007
132.717468	1000007
136.413269	1000007
141.158081	1000007
143.651550	1000007
168.930054	1000007
178.683777	1000007
191.715027	1000007
195.707947	1000007
267.820068	1000007
276.050476	1000007
280.234802	1000007
294.015747	1000007
307.015198	1000007
319.278992	1000007
344.653137	1000007
348.198547	1000007
357.749939	1000007
402.286316	1000007
422.284058	1000007
432.487427	1000007
434.110413	1000007
439.176758	1000007
448.182495	1000007
448.525879	1000007
464.097839	1000007
471.867920	1000007
483.563965	1000007
499.524536	1000007
13.701477	1000008
18.419983	1000008
28.303833	1000008
54.401794	1000008
62.325378	1000008
89.997253	1000008
91.884338	1000008
119.546570	1000008
124.787109	1000008
125.870483	1000008
125.971375	1000008
190.275513	1000008
224.853638	1000008
232.906982	1000008
237.431641	1000008
238.683044	1000008
239.087158	1000008
248.687805	1000008
250.414307	1000008
252.364502	1000008
263.512268	1000008
272.656067	1000008
274.164307	1000008
275.034546	1000008
281.005798	1000008
292.127319	1000008
296.212402	1000008
301.260986	1000008
335.865356	1000008
344.559998	1000008
353.976379	1000008
359.608582	1000008
371.252686	1000008
402.706726	1000008
408.922485	1000008
428.979187	1000008
476.609131	1000008
477.396301	1000008
488.576782	1000008
11.177094	1000009
17.113159	1000009
26.079651	1000009
33.006653	1000009
50.552307	1000009
52.791870	1000009
95.501709	1000009
127.837585	1000009
148.086548	1000009
152.452087	1000009
166.603943	1000009
174.494690	1000009
204.743164	1000009
210.885742	1000009
235.315430	1000009
251.012634	1000009
257.082703	1000009
273.534363	1000009
301.588318	1000009
302.733459	1000009
307.971313	1000009
325.013855	1000009
335.278992	1000009
339.475098	1000009
340.743103	1000009
347.772827	1000009
351.603027	1000009
370.230652	1000009
376.818542	1000009
384.886047	1000009
385.127502	1000009
392.653442	1000009
394.009277	1000009
461.805969	1000009
473.113770	1000009
480.871826	1000009
492.170715	1000009
496.273560	1000009
19.592163	1000010
20.478638	1000010
21.144104	1000010
25.884216	1000010
26.612061	1000010
48.078125	1000010
61.118042	1000010
87.863403	1000010
102.880676	1000010
111.323730	1000010
148.038513	1000010
152.928894	1000010
202.122498	1000010
202.676208	1000010
223.400208	1000010
250.141724	1000010
251.632263	1000010
260.712402	1000010
288.774231	1000010
306.845581	1000010
355.135132	1000010
365.538818	1000010
384.977966	1000010
385.915894	1000010
392.537903	1000010
415.798096	1000010
427.732605	1000010
427.750183	1000010
436.693604	1000010
453.299011	1000010
459.207642	1000010
463.901367	1000010
15.384277	1000011
18.600525	1000011
27.637207	1000011
33.128357	1000011
48.524353	1000011
48.621887	1000011
55.872192	1000011
62.290894	1000011
73.223999	1000011
79.667969	1000011
96.850098	1000011
111.798767	1000011
117.585266	1000011
126.657288	1000011
135.837830	1000011
179.586609	1000011
189.965454	1000011
197.163513	1000011
206.555603	1000011
228.358276	1000011
236.611267	1000011
238.591980	1000011
240.767883	1000011
242.763062	1000011
249.947754	1000011
266.870605	1000011
269.424011	1000011
273.687683	1000011
279.749512	1000011
295.079956	1000011
311.819763	1000011
313.265930	1000011
316.444275	1000011
320.948486	1000011
321.902405	1000011
349.525085	1000011
358.603088	1000011
370.283203	1000011
384.351013	1000011
425.941284	1000011
446.194763	1000011
451.400879	1000011
490.044861	1000011
0.564514	1000012
4.255066	1000012
17.379028	1000012
37.857178	1000012
80.762207	1000012
100.800903	1000012
103.244812	1000012
107.535400	1000012
113.037720	1000012
141.399109	1000012
163.677917	1000012
171.482361	1000012
181.262207	1000012
192.531799	1000012
208.695251	1000012
227.745483	1000012
266.498840	1000012
284.603638	1000012
290.126343	1000012
311.049683	1000012
334.744141	1000012
337.374573	1000012
342.962524	1000012
363.406372	1000012
369.054016	1000012
373.742981	1000012
373.949829	1000012
377.757629	1000012
378.271057	1000012
419.116333	1000012
422.052551	1000012
457.292542	1000012
468.363281	1000012
470.671204	1000012
486.122437	1000012
488.003967	1000012
497.698853	1000012
10.483673	1000013
10.698181	1000013
27.987610	1000013
42.449951	1000013
51.035522	1000013
81.261169	1000013
83.911865	1000013
89.927185	1000013
120.190674	1000013
140.412781	1000013
153.929504	1000013
173.217285	1000013
203.072388	1000013
220.624146	1000013
224.710144	1000013
238.405151	1000013
257.005676	1000013
272.909607	1000013
291.656372	1000013
300.367249	1000013
306.295410	1000013
308.947327	1000013
324.420776	1000013
350.888916	1000013
368.888794	1000013
374.342041	1000013
424.966064	1000013
428.520142	1000013
430.174744	1000013
430.465637	1000013
436.002441	1000013
437.547791	1000013
441.358887	1000013
454.542786	1000013
454.908081	1000013
469.817078	1000013
474.392456	1000013
483.190369	1000013
10.791473	1000014
16.659668	1000014
27.095459	1000014
30.563965	1000014
31.963684	1000014
42.326538	1000014
63.749817	1000014
67.678162	1000014
74.994446	1000014
94.618835	1000014
128.016724	1000014
138.713623	1000014
140.833130	1000014
164.811462	1000014
165.503723	1000014
166.959717	1000014
171.038086	1000014
193.800598	1000014
203.423096	1000014
204.143677	1000014
204.932556	1000014
220.565918	1000014
221.979614	1000014
281.794739	1000014
297.515808	1000014
317.992798	1000014
344.345886	1000014
347.989929	1000014
349.667969	1000014
353.434570	1000014
357.112366	1000014
365.381958	1000014
373.222900	1000014
426.955078	1000014
429.585388	1000014
439.562439	1000014
441.505493	1000014
471.684875	1000014
474.329712	1000014
490.153198	1000014
497.619385	1000014
15.712830	1000015
24.897278	1000015
46.322937	1000015
52.015015	1000015
72.839966	1000015
89.801453	1000015
98.525696	1000015
102.679626	1000015
121.505432	1000015
123.394653	1000015
131.601257	1000015
140.401367	1000015
146.317566	1000015
172.726624	1000015
178.152039	1000015
187.078247	1000015
188.164551	1000015
214.798462	1000015
236.646301	1000015
247.087036	1000015
247.404358	1000015
258.925903	1000015
265.620605	1000015
296.444397	1000015
346.765137	1000015
348.895325	1000015
356.347107	1000015
366.533813	1000015
397.224182	1000015
403.190063	1000015
405.049500	1000015
428.591431	1000015
436.709595	1000015
460.680725	1000015
485.575867	1000015
2.560547	1000016
3.850708	1000016
16.562744	1000016
36.814453	1000016
52.969543	1000016
54.857849	1000016
73.491516	1000016
74.138306	1000016
85.989868	1000016
89.910217	1000016
104.587402	1000016
108.633179	1000016
111.693237	1000016
126.665039	1000016
155.224915	1000016
182.988342	1000016
193.088867	1000016
196.534546	1000016
199.235107	1000016
204.666016	1000016
207.166992	1000016
210.190002	1000016
220.953430	1000016
228.348389	1000016
230.444580	1000016
295.399902	1000016
302.475586	1000016
304.714050	1000016
342.501770	1000016
352.511902	1000016
364.123352	1000016
373.689270	1000016
382.817749	1000016
396.411804	1000016
400.418274	1000016
402.424194	1000016
412.599976	1000016
420.514893	1000016
429.107605	1000016
435.116150	1000016
440.902832	1000016
449.615234	1000016
467.048340	1000016
496.951721	1000016
14.318604	1000017
25.820068	1000017
26.184326	1000017
41.635132	1000017
44.175598	1000017
46.566040	1000017
69.686401	1000017
107.732300	1000017
115.854614	1000017
126.804504	1000017
137.577209	1000017
176.187256	1000017
177.844910	1000017
199.622986	1000017
202.110168	1000017
209.067139	1000017
268.601135	1000017
272.608887	1000017
274.362122	1000017
289.474304	1000017
301.530762	1000017
320.998230	1000017
330.115845	1000017
376.580200	1000017
378.749939	1000017
403.143311	1000017
405.223145	1000017
416.673767	1000017
418.362671	1000017
427.193787	1000017
465.476013	1000017
476.678772	1000017
483.306580	1000017
484.473816	1000017
493.176086	1000017
11.769440	1000018
16.631592	1000018
23.973816	1000018
25.891968	1000018
52.408142	1000018
53.910217	1000018
57.661865	1000018
67.507202	1000018
76.504517	1000018
85.284729	1000018
100.865417	1000018
103.242188	1000018
125.230896	1000018
136.213440	1000018
152.456238	1000018
158.344910	1000018
207.862915	1000018
232.852783	1000018
237.825500	1000018
252.218445	1000018
262.316345	1000018
266.586914	1000018
272.470154	1000018
291.038635	1000018
292.626770	1000018
322.917725	1000018
335.067444	1000018
340.230713	1000018
340.551392	1000018
386.496643	1000018
400.851562	1000018
405.224548	1000018
408.559387	1000018
410.350403	1000018
417.906250	1000018
458.581909	1000018
459.305847	1000018
475.373474	1000018
481.966675	1000018
489.051575	1000018
9.177216	1000019
14.341858	1000019
17.663269	1000019
32.023071	1000019
35.522095	1000019
37.964417	1000019
41.773132	1000019
53.121826	1000019
73.760437	1000019
81.093445	1000019
82.891785	1000019
89.989380	1000019
105.154175	1000019
123.449158	1000019
125.096252	1000019
135.941650	1000019
145.843384	1000019
146.170471	1000019
152.131104	1000019
158.334656	1000019
189.100525	1000019
189.291077	1000019
200.920044	1000019
201.114990	1000019
225.046570	1000019
231.781067	1000019
245.631409	1000019
248.467224	1000019
256.581604	1000019
256.835388	1000019
284.952820	1000019
298.166382	1000019
365.089111	1000019
376.021606	1000019
391.543396	1000019
392.967590	1000019
395.373230	1000019
409.317200	1000019
418.112366	1000019
427.475525	1000019
439.110535	1000019
444.282837	1000019
460.332458	1000019
485.898560	1000019
486.117615	1000019
488.711304	1000019
497.220886	1000019
13.438293	1000020
14.347900	1000020
60.733215	1000020
72.309814	1000020
81.863403	1000020
92.364136	1000020
153.003113	1000020
168.052856	1000020
175.047485	1000020
180.314148	1000020
182.893494	1000020
195.324707	1000020
206.469360	1000020
208.283203	1000020
217.125854	1000020
223.283020	1000020
224.594543	1000020
265.559387	1000020
269.749084	1000020
274.486328	1000020
286.112427	1000020
286.460022	1000020
307.210144	1000020
324.119568	1000020
377.724731	1000020
378.549744	1000020
394.414124	1000020
417.365295	1000020
430.858154	1000020
443.024658	1000020
463.987854	1000020
487.475891	1000020
31.200134	1000021
41.253296	1000021
48.052795	1000021
54.114319	1000021
61.161316	1000021
61.627686	1000021
67.742676	1000021
77.713562	1000021
83.722107	1000021
101.835144	1000021
108.792358	1000021
115.064270	1000021
131.329895	1000021
142.355164	1000021
149.295837	1000021
150.321960	1000021
152.557190	1000021
154.509888	1000021
162.887878	1000021
198.861084	1000021
216.705994	1000021
219.992126	1000021
224.322693	1000021
252.417603	1000021
255.559937	1000021
266.326599	1000021
268.572876	1000021
283.460327	1000021
288.915527	1000021
342.708618	1000021
348.614624	1000021
354.654663	1000021
394.382202	1000021
401.749390	1000021
411.715088	1000021
416.057373	1000021
421.587769	1000021
423.731873	1000021
432.579346	1000021
452.522827	1000021
452.833862	1000021
455.346985	1000021
469.565491	1000021
487.851257	1000021
9.365845	1000022
9.526001	1000022
14.908386	1000022
16.594238	1000022
39.033752	1000022
58.266724	1000022
70.790527	1000022
83.458618	1000022
113.358276	1000022
116.029480	1000022
119.011719	1000022
130.681702	1000022
138.853760	1000022
141.581421	1000022
150.294983	1000022
152.431946	1000022
169.977661	1000022
172.200073	1000022
233.951355	1000022
246.532410	1000022
247.184814	1000022
280.472900	1000022
303.172302	1000022
309.576721	1000022
319.393127	1000022
334.799988	1000022
361.355896	1000022
379.666748	1000022
381.646545	1000022
401.524780	1000022
407.614563	1000022
421.558777	1000022
421.739563	1000022
423.232788	1000022
466.728210	1000022
41.078552	1000023
49.209717	1000023
78.868774	1000023
93.867615	1000023
111.325378	1000023
135.973389	1000023
155.256104	1000023
159.113647	1000023
165.226807	1000023
182.044922	1000023
189.388916	1000023
205.369934	1000023
248.163391	1000023
276.231445	1000023
280.434448	1000023
319.054504	1000023
323.495728	1000023
340.805420	1000023
348.125305	1000023
383.786011	1000023
389.757263	1000023
417.784729	1000023
418.410828	1000023
424.010803	1000023
433.789368	1000023
445.483032	1000023
451.208435	1000023
461.419739	1000023
470.841003	1000023
496.131714	1000023
498.684448	1000023
7.525421	1000024
23.891907	1000024
36.652344	1000024
40.949036	1000024
69.548950	1000024
91.955994	1000024
97.747314	1000024
116.958618	1000024
142.408997	1000024
153.540894	1000024
153.784180	1000024
155.574890	1000024
162.937134	1000024
167.110168	1000024
174.848145	1000024
200.653442	1000024
207.824402	1000024
261.860107	1000024
295.977173	1000024
306.931396	1000024
342.719482	1000024
350.007385	1000024
368.358276	1000024
369.526062	1000024
377.551025	1000024
379.877625	1000024
387.135986	1000024
421.106018	1000024
435.103760	1000024
458.295044	1000024
470.224854	1000024
499.921509	1000024
42.058533	1000025
46.177185	1000025
51.195618	1000025
55.785828	1000025
60.670593	1000025
69.322632	1000025
72.808350	1000025
81.475891	1000025
81.987793	1000025
83.234619	1000025
86.410034	1000025
107.915405	1000025
109.297852	1000025
110.640320	1000025
150.346558	1000025
156.473633	1000025
161.835571	1000025
172.634705	1000025
174.554382	1000025
177.318054	1000025
179.107971	1000025
199.324402	1000025
207.856323	1000025
209.684875	1000025
221.515747	1000025
257.542297	1000025
267.109009	1000025
269.765381	1000025
276.065002	1000025
308.484009	1000025
318.603943	1000025
322.169312	1000025
345.727905	1000025
347.683899	1000025
348.611694	1000025
390.474426	1000025
397.542419	1000025
401.705444	1000025
418.611145	1000025
426.745056	1000025
448.358154	1000025
472.244263	1000025
474.321411	1000025
476.946716	1000025
481.496399	1000025
482.756409	1000025
14.884094	1000026
16.434448	1000026
20.489136	1000026
50.060669	1000026
62.346008	1000026
67.138733	1000026
75.849792	1000026
82.420654	1000026
92.191040	1000026
126.689819	1000026
150.220398	1000026
167.891418	1000026
177.017822	1000026
184.473755	1000026
189.467041	1000026
224.195618	1000026
243.989136	1000026
292.499756	1000026
296.905457	1000026
314.906494	1000026
322.010193	1000026
363.799927	1000026
381.869690	1000026
400.768738	1000026
405.551636	1000026
426.464050	1000026
460.958618	1000026
484.231628	1000026
494.196411	1000026
5.100067	1000027
5.294769	1000027
14.790894	1000027
41.462952	1000027
73.609314	1000027
92.095703	1000027
97.742676	1000027
149.075073	1000027
160.160400	1000027
171.791199	1000027
230.243530	1000027
231.337646	1000027
233.798889	1000027
260.699036	1000027
278.223633	1000027
287.815796	1000027
314.603516	1000027
317.128906	1000027
317.865784	1000027
329.754578	1000027
336.484985	1000027
350.356812	1000027
369.059021	1000027
378.877014	1000027
383.670837	1000027
388.026367	1000027
390.137573	1000027
399.062866	1000027
410.170105	1000027
429.317688	1000027
489.657715	1000027
24.359436	1000028
31.277405	1000028
98.119873	1000028
140.488586	1000028
171.727905	1000028
177.060974	1000028
181.032288	1000028
182.394470	1000028
190.916992	1000028
220.755798	1000028
290.315002	1000028
292.652527	1000028
326.638794	1000028
357.909790	1000028
363.633972	1000028
368.136414	1000028
368.708374	1000028
378.323120	1000028
395.254517	1000028
402.616577	1000028
409.988464	1000028
411.001099	1000028
416.412903	1000028
422.771912	1000028
425.339539	1000028
474.494141	1000028
474.771423	1000028
478.633240	1000028
483.303162	1000028
490.368225	1000028
490.609680	1000028
491.837891	1000028
3.982758	1000029
5.172211	1000029
5.527374	1000029
9.218231	1000029
21.726624	1000029
31.067993	1000029
39.742249	1000029
57.653809	1000029
59.253357	1000029
60.141663	1000029
71.518127	1000029
91.965393	1000029
98.618896	1000029
102.795471	1000029
124.244995	1000029
164.031616	1000029
176.417908	1000029
187.735291	1000029
197.872131	1000029
216.675171	1000029
226.774963	1000029
230.998840	1000029
233.517212	1000029
236.480286	1000029
245.547607	1000029
249.247620	1000029
257.988220	1000029
270.151855	1000029
287.430420	1000029
291.481140	1000029
307.646118	1000029
321.175781	1000029
348.408203	1000029
349.267639	1000029
350.609314	1000029
356.845825	1000029
360.469055	1000029
365.098877	1000029
374.571228	1000029
375.862488	1000029
383.002808	1000029
412.532104	1000029
414.088074	1000029
439.159424	1000029
455.954712	1000029
456.157532	1000029
469.188354	1000029
492.160156	1000029
2.921478	1000030
4.087982	1000030
6.542969	1000030
16.929749	1000030
28.294312	1000030
40.911926	1000030
55.048279	1000030
59.055786	1000030
80.114929	1000030
83.542786	1000030
86.210754	1000030
103.055969	1000030
114.623901	1000030
120.520752	1000030
121.037170	1000030
129.424133	1000030
146.588623	1000030
153.123169	1000030
153.722534	1000030
173.197083	1000030
175.034607	1000030
217.766235	1000030
227.516907	1000030
231.683655	1000030
262.665283	1000030
316.712952	1000030
319.171021	1000030
328.906311	1000030
330.564209	1000030
336.173401	1000030
363.302185	1000030
367.931580	1000030
374.606689	1000030
389.440552	1000030
391.261292	1000030
396.352478	1000030
405.672729	1000030
429.390503	1000030
433.347656	1000030
456.000854	1000030
457.500549	1000030
467.463196	1000030
482.337402	1000030
483.166321	1000030
485.842957	1000030
9.271606	1000031
46.821289	1000031
63.168640	1000031
79.755127	1000031
81.230286	1000031
85.654602	1000031
86.615540	1000031
87.463135	1000031
87.655701	1000031
98.785950	1000031
103.009094	1000031
116.994812	1000031
127.449768	1000031
139.810120	1000031
140.371277	1000031
148.023926	1000031
193.497192	1000031
214.164856	1000031
216.426819	1000031
226.273804	1000031
239.464783	1000031
254.604614	1000031
275.861267	1000031
283.854797	1000031
297.238403	1000031
314.075073	1000031
336.903076	1000031
353.276367	1000031
364.850891	1000031
365.157288	1000031
367.766968	1000031
369.500122	1000031
370.661499	1000031
387.237671	1000031
399.720825	1000031
463.095154	1000031
480.427246	1000031
486.622192	1000031
489.801331	1000031
20.704651	1000032
31.419128	1000032
35.271912	1000032
56.974976	1000032
58.771240	1000032
87.912354	1000032
88.991089	1000032
90.358521	1000032
147.203613	1000032
177.300110	1000032
182.229797	1000032
210.558777	1000032
222.400757	1000032
222.659912	1000032
227.270874	1000032
240.582642	1000032
270.630432	1000032
276.834229	1000032
283.073669	1000032
296.251099	1000032
315.209351	1000032
322.070740	1000032
332.610962	1000032
354.778503	1000032
359.977844	1000032
379.506287	1000032
380.582520	1000032
384.778931	1000032
392.504150	1000032
396.914062	1000032
416.127563	1000032
445.391479	1000032
446.495789	1000032
459.806396	1000032
475.743164	1000032
481.772217	1000032
486.455078	1000032
10.304352	1000033
15.693542	1000033
32.418701	1000033
35.032593	1000033
51.347290	1000033
63.822998	1000033
69.518494	1000033
106.000427	1000033
121.207214	1000033
130.282166	1000033
141.768250	1000033
153.172058	1000033
162.065918	1000033
181.603516	1000033
201.474243	1000033
202.524597	1000033
205.264832	1000033
209.190857	1000033
262.347473	1000033
264.675415	1000033
294.725586	1000033
305.225098	1000033
312.529358	1000033
316.766052	1000033
319.005920	1000033
359.194336	1000033
365.872375	1000033
367.648071	1000033
401.579651	1000033
402.713684	1000033
426.884644	1000033
427.444275	1000033
441.646851	1000033
443.389282	1000033
444.190979	1000033
453.153320	1000033
466.222717	1000033
476.587830	1000033
11.122528	1000034
15.411133	1000034
24.478210	1000034
28.988098	1000034
119.340088	1000034
124.984436	1000034
132.025818	1000034
132.333435	1000034
156.443726	1000034
179.849792	1000034
182.343689	1000034
205.077637	1000034
207.921692	1000034
227.720642	1000034
233.321106	1000034
236.027466	1000034
262.611511	1000034
270.330566	1000034
274.068848	1000034
295.377991	1000034
296.287964	1000034
301.941101	1000034
329.219299	1000034
332.360168	1000034
336.648132	1000034
348.372620	1000034
352.255493	1000034
363.870361	1000034
366.383911	1000034
368.419373	1000034
379.235352	1000034
388.155762	1000034
388.243286	1000034
390.356628	1000034
405.342346	1000034
415.088989	1000034
421.004333	1000034
451.580139	1000034
452.080444	1000034
454.912720	1000034
455.459595	1000034
458.024841	1000034
484.169373	1000034
487.973022	1000034
35.654846	1000035
36.614441	1000035
39.953796	1000035
42.137939	1000035
44.728088	1000035
51.096680	1000035
61.042175	1000035
73.035706	1000035
73.992676	1000035
83.228455	1000035
89.479492	1000035
139.137085	1000035
158.809570	1000035
179.127747	1000035
200.974243	1000035
206.919556	1000035
222.003845	1000035
224.901001	1000035
240.566650	1000035
261.237610	1000035
269.779297	1000035
329.887451	1000035
346.529175	1000035
401.924072	1000035
422.392090	1000035
433.183533	1000035
445.474792	1000035
446.915405	1000035
478.771301	1000035
492.088196	1000035
69.292603	1000036
74.568481	1000036
95.836182	1000036
104.657043	1000036
127.704773	1000036
132.234924	1000036
135.948730	1000036
136.765991	1000036
173.256226	1000036
174.240295	1000036
177.822266	1000036
178.512207	1000036
178.662292	1000036
217.019226	1000036
218.298950	1000036
225.305725	1000036
242.215149	1000036
246.562805	1000036
249.349060	1000036
261.538635	1000036
287.676880	1000036
357.345825	1000036
371.926697	1000036
382.382874	1000036
387.186890	1000036
412.508179	1000036
414.382324	1000036
427.902161	1000036
428.635437	1000036
431.267944	1000036
443.460388	1000036
451.378357	1000036
452.402710	1000036
455.103271	1000036
466.876282	1000036
478.031189	1000036
482.068237	1000036
2.337585	1000037
17.439209	1000037
19.924744	1000037
24.017883	1000037
54.761597	1000037
65.714172	1000037
71.335938	1000037
82.504761	1000037
101.085510	1000037
116.009949	1000037
117.292908	1000037
131.771851	1000037
139.661926	1000037
155.025391	1000037
162.623779	1000037
192.128357	1000037
206.321411	1000037
226.523254	1000037
235.645630	1000037
248.426086	1000037
261.112244	1000037
291.622681	1000037
293.713257	1000037
296.645203	1000037
308.109741	1000037
318.784363	1000037
321.703796	1000037
355.144226	1000037
356.399719	1000037
357.958984	1000037
384.081970	1000037
416.126526	1000037
420.596680	1000037
421.482971	1000037
447.330505	1000037
454.773926	1000037
456.175293	1000037
461.338257	1000037
461.719238	1000037
480.588806	1000037
492.622925	1000037
496.278687	1000037
41.146057	1000038
41.267334	1000038
77.469482	1000038
114.523254	1000038
115.895630	1000038
137.114624	1000038
157.552551	1000038
179.753418	1000038
180.395447	1000038
185.292908	1000038
185.706055	1000038
194.270142	1000038
197.455750	1000038
211.260864	1000038
218.922241	1000038
223.931213	1000038
228.839478	1000038
254.217773	1000038
258.620239	1000038
265.429626	1000038
265.494629	1000038
272.379150	1000038
273.346741	1000038
277.009827	1000038
288.421997	1000038
308.798584	1000038
324.848511	1000038
369.375854	1000038
391.571045	1000038
395.099365	1000038
406.475769	1000038
421.615234	1000038
427.168823	1000038
428.326660	1000038
428.564880	1000038
435.865112	1000038
451.684875	1000038
463.906616	1000038
474.736206	1000038
488.387390	1000038
10.768066	1000039
21.299744	1000039
33.255127	1000039
35.730835	1000039
35.940125	1000039
41.616943	1000039
51.438110	1000039
52.544495	1000039
53.087952	1000039
63.644653	1000039
69.748718	1000039
72.686890	1000039
104.848206	1000039
112.279297	1000039
116.358704	1000039
140.463379	1000039
153.337219	1000039
156.594788	1000039
192.064331	1000039
218.883606	1000039
242.624268	1000039
258.938538	1000039
268.367432	1000039
271.847534	1000039
273.834351	1000039
288.949707	1000039
289.349182	1000039
294.481995	1000039
307.124634	1000039
319.734192	1000039
327.005798	1000039
329.796631	1000039
330.205688	1000039
331.179871	1000039
335.261230	1000039
337.778931	1000039
343.966858	1000039
345.434875	1000039
346.944580	1000039
348.964783	1000039
350.248169	1000039
350.288574	1000039
364.858521	1000039
389.969604	1000039
411.542480	1000039
415.187866	1000039
416.737976	1000039
439.751526	1000039
443.196655	1000039
446.292236	1000039
447.413208	1000039
456.449036	1000039
458.431030	1000039
468.252502	1000039
468.825500	1000039
475.330139	1000039
479.222961	1000039
479.341248	1000039
485.154663	1000039
488.156616	1000039
495.169128	1000039
26.617004	1000040
43.628540	1000040
56.747742	1000040
62.706787	1000040
72.917358	1000040
75.346680	1000040
77.947266	1000040
79.406494	1000040
87.616699	1000040
90.155701	1000040
102.513550	1000040
111.472412	1000040
115.545227	1000040
128.658569	1000040
130.651367	1000040
132.078430	1000040
135.851624	1000040
160.670288	1000040
183.026062	1000040
193.101868	1000040
197.788208	1000040
205.159546	1000040
207.694824	1000040
211.230469	1000040
253.685974	1000040
293.768005	1000040
309.581970	1000040
338.544067	1000040
347.241943	1000040
351.962891	1000040
359.697144	1000040
381.633850	1000040
384.428162	1000040
385.745544	1000040
388.298828	1000040
391.582275	1000040
393.864380	1000040
418.096741	1000040
455.995056	1000040
457.027710	1000040
484.172913	1000040
496.455933	1000040
5.919067	1000041
9.296143	1000041
20.434998	1000041
27.698425	1000041
37.520752	1000041
63.625610	1000041
64.811829	1000041
99.106873	1000041
100.531128	1000041
105.206604	1000041
128.311768	1000041
129.129700	1000041
140.445435	1000041
154.467590	1000041
165.912476	1000041
167.691345	1000041
171.001343	1000041
173.133057	1000041
176.620850	1000041
196.320251	1000041
205.307739	1000041
223.725525	1000041
229.108887	1000041
232.757507	1000041
247.364502	1000041
259.214478	1000041
269.532410	1000041
300.100891	1000041
300.633179	1000041
324.267517	1000041
340.200500	1000041
346.777405	1000041
352.639954	1000041
364.506714	1000041
381.562012	1000041
389.223511	1000041
390.837219	1000041
394.848755	1000041
423.253540	1000041
450.371460	1000041
488.091125	1000041
6.791595	1000042
7.195892	1000042
55.489258	1000042
55.652893	1000042
58.778687	1000042
64.023193	1000042
65.269897	1000042
80.212036	1000042
105.701843	1000042
123.887634	1000042
130.322571	1000042
134.977051	1000042
155.392029	1000042
156.233948	1000042
185.947388	1000042
197.683777	1000042
208.220154	1000042
210.516907	1000042
219.521423	1000042
233.856018	1000042
239.325317	1000042
251.045898	1000042
251.979736	1000042
281.711853	1000042
291.465149	1000042
293.369873	1000042
298.351318	1000042
323.781860	1000042
334.949097	1000042
357.940796	1000042
369.205627	1000042
379.314941	1000042
418.454895	1000042
430.903137	1000042
439.161133	1000042
481.571777	1000042
490.604004	1000042
5.706543	1000043
7.527191	1000043
7.944550	1000043
61.596069	1000043
77.450256	1000043
102.205994	1000043
104.411072	1000043
130.554260	1000043
137.301819	1000043
150.892029	1000043
154.550903	1000043
160.452026	1000043
163.382080	1000043
182.176086	1000043
185.065674	1000043
192.284668	1000043
197.763733	1000043
220.424927	1000043
226.335022	1000043
237.055908	1000043
237.203918	1000043
243.538025	1000043
250.472351	1000043
256.817444	1000043
258.576416	1000043
291.980103	1000043
300.321472	1000043
300.748108	1000043
358.295349	1000043
366.865112	1000043
369.465637	1000043
373.425598	1000043
409.076111	1000043
409.393127	1000043
420.140808	1000043
431.645264	1000043
436.829712	1000043
441.428223	1000043
447.537109	1000043
456.778870	1000043
459.755493	1000043
462.997437	1000043
472.898499	1000043
492.252930	1000043
495.798828	1000043
6.075409	1000044
19.022827	1000044
19.080139	1000044
49.757568	1000044
55.362793	1000044
73.016785	1000044
73.416321	1000044
91.284180	1000044
98.898010	1000044
101.512451	1000044
116.018921	1000044
116.481079	1000044
120.001404	1000044
121.828064	1000044
123.594421	1000044
132.103699	1000044
175.821289	1000044
177.241455	1000044
194.174561	1000044
194.322815	1000044
212.632263	1000044
223.340515	1000044
224.049805	1000044
244.635193	1000044
245.770325	1000044
255.417603	1000044
277.604065	1000044
306.054688	1000044
306.863647	1000044
312.589417	1000044
321.464600	1000044
333.638977	1000044
367.857544	1000044
402.434326	1000044
406.302185	1000044
415.792969	1000044
427.217712	1000044
493.090088	1000044
494.273804	1000044
12.900757	1000045
19.154419	1000045
23.182617	1000045
39.090088	1000045
48.983887	1000045
51.434387	1000045
53.048462	1000045
79.295166	1000045
104.239990	1000045
107.540466	1000045
113.551208	1000045
151.015320	1000045
160.203796	1000045
182.113586	1000045
182.764099	1000045
204.356384	1000045
221.306519	1000045
241.036987	1000045
248.090210	1000045
250.778687	1000045
293.260498	1000045
296.597534	1000045
302.071594	1000045
306.169983	1000045
328.903015	1000045
332.585754	1000045
337.798584	1000045
340.924072	1000045
357.555908	1000045
359.550720	1000045
360.838318	1000045
378.138306	1000045
431.697205	1000045
431.912354	1000045
439.990967	1000045
459.514160	1000045
465.763367	1000045
469.289856	1000045
492.462952	1000045
4.294403	1000046
54.738403	1000046
102.095398	1000046
111.471008	1000046
125.270142	1000046
127.452698	1000046
130.557617	1000046
168.537109	1000046
180.509521	1000046
209.957764	1000046
215.595825	1000046
223.504822	1000046
225.749878	1000046
245.975342	1000046
247.085388	1000046
264.617493	1000046
284.543396	1000046
291.062439	1000046
293.849426	1000046
324.825562	1000046
332.882446	1000046
344.181824	1000046
355.132141	1000046
387.222839	1000046
388.159424	1000046
399.024048	1000046
399.696533	1000046
404.046326	1000046
406.470642	1000046
416.312378	1000046
430.911377	1000046
436.264587	1000046
437.185913	1000046
465.421387	1000046
468.738159	1000046
19.810059	1000047
37.567200	1000047
55.737610	1000047
90.515564	1000047
156.182251	1000047
166.811218	1000047
178.320007	1000047
180.738342	1000047
187.610779	1000047
199.666565	1000047
216.868652	1000047
235.197571	1000047
243.838989	1000047
249.507751	1000047
269.801086	1000047
279.202454	1000047
301.732483	1000047
302.099426	1000047
302.936768	1000047
308.075134	1000047
313.425964	1000047
329.364441	1000047
338.375366	1000047
339.360352	1000047
364.790894	1000047
366.241455	1000047
378.593872	1000047
387.394287	1000047
413.707031	1000047
432.979004	1000047
446.410461	1000047
450.820190	1000047
452.201538	1000047
460.976257	1000047
468.105896	1000047
0.836975	1000048
16.434326	1000048
35.904602	1000048
42.657227	1000048
62.221558	1000048
65.049072	1000048
70.381104	1000048
74.432434	1000048
86.792603	1000048
103.808655	1000048
110.920166	1000048
121.061646	1000048
128.840149	1000048
142.120850	1000048
168.276550	1000048
171.617615	1000048
173.370605	1000048
180.763672	1000048
193.025696	1000048
195.753357	1000048
229.723450	1000048
239.354919	1000048
260.239502	1000048
267.779968	1000048
268.594849	1000048
272.677429	1000048
284.329712	1000048
289.085876	1000048
323.809937	1000048
353.472778	1000048
365.284241	1000048
399.590881	1000048
401.171570	1000048
401.628845	1000048
408.487366	1000048
416.778748	1000048
452.773132	1000048
456.485413	1000048
467.202026	1000048
481.403381	1000048
490.142700	1000048
493.358337	1000048
493.558411	1000048
24.003845	1000049
24.132690	1000049
35.843018	1000049
36.479431	1000049
41.607910	1000049
57.098328	1000049
71.545166	1000049
81.629150	1000049
93.292480	1000049
116.651428	1000049
118.702759	1000049
143.391113	1000049
154.812073	1000049
158.215271	1000049
191.040527	1000049
208.430603	1000049
223.154907	1000049
224.336243	1000049
232.028503	1000049
248.692566	1000049
250.767822	1000049
295.883972	1000049
309.752319	1000049
324.671082	1000049
339.214355	1000049
346.825928	1000049
361.596680	1000049
367.191467	1000049
372.611267	1000049
378.692993	1000049
389.910889	1000049
391.508179	1000049
396.003296	1000049
397.922302	1000049
398.738525	1000049
423.282593	1000049
440.082825	1000049
469.614868	1000049
492.482727	1000049
499.618408	1000049
3.141541	1000050
16.981384	1000050
35.861267	1000050
39.972229	1000050
40.836975	1000050
41.856140	1000050
42.448303	1000050
42.921875	1000050
50.717651	1000050
68.559021	1000050
71.983398	1000050
79.381348	1000050
111.084656	1000050
124.249573	1000050
133.539612	1000050
148.092163	1000050
159.941345	1000050
185.534607	1000050
198.419922	1000050
208.126892	1000050
214.714233	1000050
238.470764	1000050
243.543274	1000050
244.174622	1000050
262.413879	1000050
286.471680	1000050
338.960632	1000050
339.035400	1000050
374.349304	1000050
377.036377	1000050
383.570312	1000050
398.966614	1000050
434.059937	1000050
436.793091	1000050
442.268860	1000050
443.511658	1000050
446.006348	1000050
450.778564	1000050
463.965210	1000050
470.328430	1000050
494.015198	1000050
496.364563	1000050
497.928040	1000050
3.402771	1000051
5.250061	1000051
11.622833	1000051
23.025513	1000051
26.591370	1000051
28.222900	1000051
39.466553	1000051
43.583069	1000051
45.250000	1000051
58.379211	1000051
85.911194	1000051
101.777527	1000051
105.835205	1000051
112.534607	1000051
117.404968	1000051
125.673767	1000051
134.216919	1000051
142.990845	1000051
148.897217	1000051
165.443665	1000051
196.316101	1000051
207.950439	1000051
215.234863	1000051
224.797241	1000051
225.491760	1000051
229.423157	1000051
240.584961	1000051
261.074036	1000051
284.357910	1000051
306.775574	1000051
322.376221	1000051
336.923828	1000051
340.133972	1000051
361.477173	1000051
365.382141	1000051
365.809570	1000051
368.463745	1000051
368.942200	1000051
392.460022	1000051
398.341370	1000051
401.783203	1000051
431.325806	1000051
441.245789	1000051
472.102051	1000051
474.928406	1000051
495.828857	1000051
26.549622	1000052
26.698608	1000052
53.035278	1000052
80.324463	1000052
95.706665	1000052
97.292114	1000052
105.406006	1000052
124.892700	1000052
133.992737	1000052
142.081604	1000052
157.520508	1000052
172.793152	1000052
199.265320	1000052
222.123474	1000052
265.121033	1000052
276.920410	1000052
300.540771	1000052
315.109924	1000052
350.839539	1000052
351.011902	1000052
366.889282	1000052
367.604919	1000052
374.307129	1000052
387.559937	1000052
398.597168	1000052
403.742920	1000052
406.501587	1000052
408.328247	1000052
424.289062	1000052
431.711426	1000052
449.837891	1000052
450.485657	1000052
458.001282	1000052
462.345581	1000052
486.331177	1000052
5.897034	1000053
17.840454	1000053
31.470337	1000053
37.957581	1000053
41.501343	1000053
52.385132	1000053
66.840637	1000053
71.819641	1000053
73.493713	1000053
102.278809	1000053
109.001160	1000053
145.108093	1000053
150.493958	1000053
170.362244	1000053
171.018127	1000053
245.217651	1000053
257.246399	1000053
270.424805	1000053
283.305359	1000053
295.726074	1000053
306.910339	1000053
314.421997	1000053
314.466553	1000053
316.227722	1000053
319.773987	1000053
322.085938	1000053
328.195496	1000053
332.306458	1000053
334.331238	1000053
336.608704	1000053
338.634766	1000053
341.517883	1000053
346.653076	1000053
348.688293	1000053
351.928040	1000053
384.508545	1000053
385.983521	1000053
397.821655	1000053
401.070618	1000053
402.847412	1000053
406.522827	1000053
413.797729	1000053
439.994202	1000053
459.184143	1000053
464.335510	1000053
476.133118	1000053
482.539978	1000053
5.073456	1000054
21.867126	1000054
24.311279	1000054
36.486877	1000054
80.389893	1000054
84.738586	1000054
89.486572	1000054
98.614746	1000054
104.337280	1000054
114.798645	1000054
128.019653	1000054
128.350098	1000054
148.583862	1000054
157.391663	1000054
160.571716	1000054
165.135437	1000054
170.344360	1000054
180.762329	1000054
209.417603	1000054
210.871887	1000054
237.020691	1000054
251.192566	1000054
264.109497	1000054
277.196960	1000054
284.071655	1000054
351.856262	1000054
360.832214	1000054
372.559998	1000054
380.094116	1000054
398.188843	1000054
405.761597	1000054
415.691223	1000054
416.460999	1000054
420.683960	1000054
422.583435	1000054
431.764893	1000054
440.091858	1000054
16.989807	1000055
23.951721	1000055
51.220642	1000055
67.199402	1000055
77.258179	1000055
92.693359	1000055
102.702332	1000055
108.664429	1000055
111.330933	1000055
121.585815	1000055
130.558594	1000055
137.682129	1000055
147.889526	1000055
153.839783	1000055
163.527222	1000055
178.208313	1000055
187.720398	1000055
190.133911	1000055
190.482361	1000055
199.878296	1000055
201.635803	1000055
246.789795	1000055
256.181396	1000055
264.852600	1000055
320.114868	1000055
320.801270	1000055
344.167480	1000055
366.913452	1000055
400.308594	1000055
417.306580	1000055
437.470459	1000055
442.812805	1000055
445.479370	1000055
451.698975	1000055
451.813232	1000055
469.804626	1000055
487.866333	1000055
497.541870	1000055
498.442810	1000055
2.705963	1000056
3.593201	1000056
12.792908	1000056
19.132141	1000056
31.748230	1000056
33.339050	1000056
43.886169	1000056
84.953491	1000056
93.786438	1000056
100.941284	1000056
121.896423	1000056
129.314209	1000056
130.356689	1000056
135.142212	1000056
141.669128	1000056
159.023193	1000056
182.654785	1000056
186.962891	1000056
194.894104	1000056
211.457031	1000056
244.395691	1000056
253.277832	1000056
259.166931	1000056
296.761414	1000056
305.548279	1000056
318.510437	1000056
327.136353	1000056
333.708191	1000056
359.380981	1000056
362.759766	1000056
379.305298	1000056
389.965271	1000056
397.219177	1000056
415.095154	1000056
440.432190	1000056
444.170776	1000056
446.516357	1000056
453.180481	1000056
454.613708	1000056
476.919373	1000056
481.660828	1000056
485.854309	1000056
496.281067	1000056
7.914062	1000057
19.811829	1000057
31.437256	1000057
32.066162	1000057
47.288330	1000057
76.240479	1000057
91.105286	1000057
91.489990	1000057
92.512573	1000057
100.875488	1000057
109.725708	1000057
129.712402	1000057
129.962708	1000057
146.198120	1000057
148.922852	1000057
156.348389	1000057
176.522339	1000057
188.241455	1000057
189.540955	1000057
223.324280	1000057
224.793457	1000057
227.079346	1000057
238.097961	1000057
260.853882	1000057
306.969116	1000057
312.609192	1000057
325.253479	1000057
330.359985	1000057
350.164001	1000057
357.976807	1000057
358.056519	1000057
366.093445	1000057
370.031616	1000057
377.348206	1000057
395.736023	1000057
398.266296	1000057
402.817810	1000057
412.985962	1000057
428.543945	1000057
437.344849	1000057
443.832153	1000057
451.442017	1000057
462.215271	1000057
22.428528	1000058
47.045410	1000058
50.181335	1000058
54.932373	1000058
62.508484	1000058
77.525452	1000058
92.479919	1000058
96.333252	1000058
105.448730	1000058
133.589172	1000058
148.183960	1000058
161.232117	1000058
197.187134	1000058
200.634338	1000058
234.759949	1000058
238.977356	1000058
243.241638	1000058
247.778381	1000058
268.871094	1000058
295.372070	1000058
301.041138	1000058
305.447083	1000058
317.961182	1000058
324.602112	1000058
324.769775	1000058
333.817810	1000058
430.668396	1000058
480.728638	1000058
482.973145	1000058
484.543274	1000058
484.726685	1000058
497.473877	1000058
12.402954	1000059
18.964233	1000059
24.098022	1000059
28.520142	1000059
43.330383	1000059
52.893616	1000059
59.428772	1000059
64.145569	1000059
99.567200	1000059
111.503723	1000059
118.815552	1000059
145.048950	1000059
147.682434	1000059
148.241943	1000059
163.582031	1000059
166.850647	1000059
195.079712	1000059
234.276794	1000059
244.094543	1000059
244.686462	1000059
250.053406	1000059
256.527588	1000059
276.136597	1000059
279.959595	1000059
293.303528	1000059
298.932495	1000059
301.289246	1000059
314.862793	1000059
324.073792	1000059
330.102295	1000059
381.645996	1000059
397.133972	1000059
417.569336	1000059
426.217163	1000059
472.380432	1000059
480.107117	1000059
494.163757	1000059
496.879272	1000059
9.024292	1000060
9.067902	1000060
43.758850	1000060
44.441101	1000060
51.862976	1000060
55.176453	1000060
60.540833	1000060
65.310120	1000060
69.198669	1000060
75.668640	1000060
100.453552	1000060
105.950195	1000060
110.359558	1000060
119.430176	1000060
125.122925	1000060
131.493713	1000060
147.460938	1000060
147.568115	1000060
174.776855	1000060
183.435364	1000060
207.679871	1000060
218.456055	1000060
241.778870	1000060
247.231384	1000060
247.701538	1000060
253.495728	1000060
263.710693	1000060
270.264832	1000060
271.764526	1000060
274.588989	1000060
283.207886	1000060
311.875244	1000060
314.645935	1000060
317.914551	1000060
320.568359	1000060
321.596802	1000060
331.037476	1000060
333.558350	1000060
335.045654	1000060
337.637085	1000060
341.677246	1000060
365.468323	1000060
366.264221	1000060
399.072510	1000060
401.433167	1000060
404.949951	1000060
407.740479	1000060
421.331421	1000060
421.592163	1000060
426.335266	1000060
429.692017	1000060
430.154114	1000060
441.408508	1000060
459.702759	1000060
471.631470	1000060
485.072632	1000060
489.309692	1000060
490.884277	1000060
496.246765	1000060
34.509888	1000061
34.552063	1000061
56.551025	1000061
66.822327	1000061
76.444275	1000061
83.761108	1000061
86.477722	1000061
92.685303	1000061
122.628662	1000061
127.839966	1000061
137.776062	1000061
138.746643	1000061
148.475830	1000061
148.845642	1000061
165.897461	1000061
167.723145	1000061
172.496094	1000061
189.186890	1000061
191.727112	1000061
195.745056	1000061
198.058411	1000061
203.285278	1000061
205.864075	1000061
209.271912	1000061
211.525085	1000061
239.092590	1000061
260.893982	1000061
269.526123	1000061
270.922424	1000061
274.429749	1000061
281.639771	1000061
297.681641	1000061
323.553955	1000061
334.073669	1000061
340.271790	1000061
342.330688	1000061
369.099609	1000061
374.114136	1000061
375.837158	1000061
378.058350	1000061
381.565857	1000061
381.859070	1000061
423.867920	1000061
431.989014	1000061
432.031311	1000061
456.607605	1000061
458.967896	1000061
482.725525	1000061
486.033936	1000061
495.078430	1000061
497.069458	1000061
2.146698	1000062
11.522156	1000062
18.215515	1000062
28.747009	1000062
37.623413	1000062
49.519958	1000062
82.998047	1000062
89.913635	1000062
97.030396	1000062
105.548462	1000062
119.838135	1000062
134.038513	1000062
181.981750	1000062
184.803162	1000062
186.448608	1000062
187.293274	1000062
188.970947	1000062
197.325134	1000062
228.667603	1000062
239.024963	1000062
240.361206	1000062
248.918396	1000062
270.265808	1000062
271.513123	1000062
285.855713	1000062
312.199890	1000062
312.975891	1000062
352.170898	1000062
354.652405	1000062
357.986755	1000062
372.789124	1000062
380.418762	1000062
432.732544	1000062
432.811096	1000062
437.495605	1000062
453.165527	1000062
456.801697	1000062
460.176208	1000062
490.555298	1000062
9.641907	1000063
14.139954	1000063
14.781616	1000063
38.914917	1000063
85.715332	1000063
122.321777	1000063
126.561218	1000063
139.377930	1000063
142.489746	1000063
147.995300	1000063
175.210388	1000063
199.602234	1000063
213.554810	1000063
228.330627	1000063
230.933350	1000063
250.797791	1000063
255.677612	1000063
255.781433	1000063
263.854553	1000063
276.997375	1000063
278.518799	1000063
280.543823	1000063
286.596069	1000063
314.669739	1000063
319.665710	1000063
324.228699	1000063
328.281006	1000063
330.286743	1000063
333.300293	1000063
345.454468	1000063
354.109375	1000063
361.546997	1000063
369.203552	1000063
373.406738	1000063
416.196411	1000063
421.937927	1000063
429.561462	1000063
435.558899	1000063
435.662781	1000063
453.693298	1000063
454.324280	1000063
463.503723	1000063
464.972046	1000063
473.046814	1000063
4.947601	1000064
20.050049	1000064
24.305054	1000064
26.075928	1000064
30.327942	1000064
32.884460	1000064
33.155334	1000064
39.179016	1000064
53.702271	1000064
60.986023	1000064
65.848145	1000064
68.652527	1000064
72.250427	1000064
78.534424	1000064
99.108521	1000064
130.396118	1000064
134.720459	1000064
147.063538	1000064
187.328552	1000064
191.452881	1000064
204.072937	1000064
219.589294	1000064
223.785645	1000064
231.435242	1000064
235.742615	1000064
263.382690	1000064
283.762817	1000064
290.227783	1000064
297.779785	1000064
319.350769	1000064
322.433594	1000064
323.103943	1000064
360.187866	1000064
360.745911	1000064
369.660339	1000064
372.458374	1000064
377.049988	1000064
400.590393	1000064
402.468445	1000064
411.963013	1000064
415.039368	1000064
418.162842	1000064
424.503418	1000064
427.852966	1000064
453.626099	1000064
472.587891	1000064
493.743591	1000064
4.636292	1000065
6.370636	1000065
15.717529	1000065
21.176208	1000065
39.098206	1000065
44.775391	1000065
51.798218	1000065
56.302124	1000065
74.643066	1000065
86.085022	1000065
105.319824	1000065
118.052490	1000065
136.402466	1000065
141.042114	1000065
187.308411	1000065
191.996826	1000065
192.982056	1000065
222.070007	1000065
247.576538	1000065
247.926636	1000065
267.651123	1000065
270.838562	1000065
280.283752	1000065
334.462341	1000065
395.977234	1000065
404.953125	1000065
442.873962	1000065
465.341980	1000065
478.728699	1000065
489.685669	1000065
489.707703	1000065
97.594360	1000066
100.398804	1000066
102.013550	1000066
102.666992	1000066
123.781128	1000066
133.180481	1000066
155.425781	1000066
157.816406	1000066
206.766785	1000066
211.955383	1000066
226.112244	1000066
250.280823	1000066
252.017090	1000066
293.715698	1000066
341.397217	1000066
376.444153	1000066
412.567810	1000066
422.382019	1000066
423.586487	1000066
430.346619	1000066
436.537720	1000066
444.491272	1000066
446.423096	1000066
463.050232	1000066
472.638550	1000066
496.905579	1000066
12.362915	1000067
25.501160	1000067
36.524719	1000067
49.810486	1000067
60.634399	1000067
87.714539	1000067
88.697693	1000067
99.330200	1000067
103.613953	1000067
154.786194	1000067
157.781738	1000067
170.002563	1000067
203.376648	1000067
210.354919	1000067
251.907532	1000067
257.658386	1000067
263.829529	1000067
274.791260	1000067
288.387573	1000067
293.210571	1000067
293.480408	1000067
294.680359	1000067
295.310486	1000067
295.700928	1000067
306.216736	1000067
308.795715	1000067
319.171448	1000067
332.203674	1000067
338.921753	1000067
339.795959	1000067
345.203552	1000067
347.424622	1000067
347.640198	1000067
384.469727	1000067
386.613708	1000067
388.608704	1000067
393.421204	1000067
407.869812	1000067
409.154114	1000067
416.355164	1000067
433.929016	1000067
447.313049	1000067
456.721313	1000067
475.921997	1000067
479.868958	1000067
483.870728	1000067
4.291077	1000068
12.985962	1000068
43.567688	1000068
63.019348	1000068
65.060852	1000068
91.872314	1000068
94.652100	1000068
121.899841	1000068
132.701599	1000068
134.513184	1000068
148.025513	1000068
150.987671	1000068
178.406250	1000068
211.627808	1000068
225.943848	1000068
239.330933	1000068
261.077332	1000068
288.467224	1000068
300.127441	1000068
312.728943	1000068
332.335388	1000068
347.348511	1000068
354.360107	1000068
363.608521	1000068
376.166443	1000068
401.327271	1000068
434.043701	1000068
448.409851	1000068
456.068420	1000068
456.758484	1000068
457.129333	1000068
486.047424	1000068
8.908661	1000069
9.356659	1000069
14.737671	1000069
44.496155	1000069
77.957886	1000069
101.540710	1000069
104.251526	1000069
121.192627	1000069
149.719421	1000069
158.457336	1000069
167.233826	1000069
170.421814	1000069
196.425720	1000069
209.642212	1000069
209.794006	1000069
249.019409	1000069
258.347534	1000069
260.698059	1000069
268.784973	1000069
274.967041	1000069
305.156616	1000069
322.784912	1000069
344.336487	1000069
347.891724	1000069
363.703674	1000069
381.669006	1000069
387.387085	1000069
387.672668	1000069
425.320435	1000069
434.007812	1000069
436.560364	1000069
461.652649	1000069
469.707458	1000069
479.018555	1000069
492.146851	1000069
494.198547	1000069
497.740723	1000069
12.894043	1000070
13.376282	1000070
18.148071	1000070
19.601196	1000070
44.896179	1000070
60.783386	1000070
63.870300	1000070
65.736572	1000070
68.789673	1000070
84.151306	1000070
87.054016	1000070
90.995178	1000070
103.576782	1000070
120.991943	1000070
131.978088	1000070
139.154785	1000070
146.039062	1000070
169.795898	1000070
185.831482	1000070
212.786377	1000070
233.876587	1000070
258.377380	1000070
286.324219	1000070
302.073425	1000070
310.530212	1000070
317.857239	1000070
332.976685	1000070
340.534973	1000070
374.395386	1000070
386.622253	1000070
394.770996	1000070
395.013916	1000070
397.337952	1000070
414.681702	1000070
423.712341	1000070
434.193542	1000070
462.152588	1000070
467.635376	1000070
484.689636	1000070
15.655090	1000071
15.814209	1000071
19.532959	1000071
35.362488	1000071
40.560486	1000071
41.951660	1000071
55.871216	1000071
57.954773	1000071
60.468201	1000071
86.891785	1000071
88.913574	1000071
93.852844	1000071
119.062134	1000071
121.491028	1000071
141.884705	1000071
147.686707	1000071
168.224426	1000071
192.024841	1000071
214.314209	1000071
214.427246	1000071
217.079285	1000071
239.074158	1000071
251.225281	1000071
263.602234	1000071
272.461365	1000071
274.441956	1000071
291.129639	1000071
303.747253	1000071
308.552612	1000071
309.249878	1000071
318.268616	1000071
355.444641	1000071
362.599060	1000071
370.642395	1000071
396.467102	1000071
407.130127	1000071
410.153748	1000071
411.865234	1000071
463.018677	1000071
484.123535	1000071
491.607727	1000071
9.786041	1000072
11.824585	1000072
34.927673	1000072
35.551453	1000072
45.867432	1000072
56.320740	1000072
93.906006	1000072
97.664917	1000072
102.299805	1000072
132.673096	1000072
147.472839	1000072
169.009583	1000072
206.897156	1000072
208.394287	1000072
213.580994	1000072
218.627747	1000072
219.238586	1000072
219.507446	1000072
222.816650	1000072
224.935913	1000072
240.129578	1000072
249.270325	1000072
249.886902	1000072
319.988892	1000072
372.363281	1000072
389.276062	1000072
430.756470	1000072
441.463013	1000072
448.898193	1000072
452.245361	1000072
457.468811	1000072
461.319275	1000072
471.492188	1000072
484.721069	1000072
15.374573	1000073
34.319702	1000073
36.092773	1000073
40.974121	1000073
41.020996	1000073
45.310791	1000073
55.207153	1000073
58.420898	1000073
65.674927	1000073
91.230652	1000073
103.986450	1000073
112.197083	1000073
135.584961	1000073
148.248718	1000073
154.032349	1000073
186.945068	1000073
192.492004	1000073
193.946594	1000073
197.474243	1000073
206.226562	1000073
225.667725	1000073
261.921814	1000073
262.087036	1000073
267.833496	1000073
272.046265	1000073
293.022217	1000073
323.045227	1000073
347.458923	1000073
347.526001	1000073
347.925537	1000073
351.859070	1000073
364.399048	1000073
391.359619	1000073
396.947144	1000073
417.568237	1000073
427.361023	1000073
436.462463	1000073
439.197083	1000073
446.657898	1000073
475.242920	1000073
14.828918	1000074
15.803162	1000074
18.944397	1000074
42.853149	1000074
62.047241	1000074
69.843140	1000074
70.202881	1000074
103.318115	1000074
157.042786	1000074
170.880493	1000074
171.498352	1000074
172.858459	1000074
175.703796	1000074
176.253174	1000074
187.935425	1000074
190.305298	1000074
198.427856	1000074
257.334778	1000074
258.990356	1000074
264.319275	1000074
274.169678	1000074
278.349365	1000074
294.394775	1000074
310.727417	1000074
311.128784	1000074
318.333984	1000074
323.245850	1000074
338.642151	1000074
373.084106	1000074
381.966248	1000074
397.593750	1000074
414.614075	1000074
417.778687	1000074
445.348389	1000074
458.398193	1000074
459.433350	1000074
481.960327	1000074
11.807892	1000075
12.757568	1000075
35.148560	1000075
39.374817	1000075
41.432007	1000075
50.245850	1000075
75.042664	1000075
84.321411	1000075
109.724548	1000075
114.078613	1000075
120.652649	1000075
130.895691	1000075
145.938782	1000075
146.117188	1000075
158.579773	1000075
160.317261	1000075
188.820496	1000075
190.792542	1000075
193.473389	1000075
209.170776	1000075
244.324524	1000075
257.899597	1000075
263.654114	1000075
289.394714	1000075
293.659241	1000075
317.377563	1000075
319.612976	1000075
323.614563	1000075
324.692078	1000075
326.515137	1000075
346.401367	1000075
349.093445	1000075
353.058472	1000075
354.112244	1000075
360.569702	1000075
365.106689	1000075
390.427246	1000075
390.800232	1000075
421.844177	1000075
446.346924	1000075
455.206116	1000075
465.906860	1000075
489.174438	1000075
499.810852	1000075
6.787231	1000076
36.678589	1000076
52.145508	1000076
128.427307	1000076
134.347656	1000076
147.937073	1000076
155.919983	1000076
169.088318	1000076
178.995300	1000076
181.507751	1000076
185.237488	1000076
185.874756	1000076
189.203796	1000076
205.831238	1000076
215.470398	1000076
221.541382	1000076
247.541992	1000076
283.923462	1000076
285.027588	1000076
294.154358	1000076
297.055054	1000076
346.178467	1000076
368.715454	1000076
377.388245	1000076
378.657104	1000076
395.076782	1000076
395.747498	1000076
398.613892	1000076
411.442444	1000076
412.268250	1000076
418.184326	1000076
451.809387	1000076
455.656433	1000076
461.114746	1000076
470.388916	1000076
478.101318	1000076
498.500977	1000076
6.333679	1000077
30.278076	1000077
31.313293	1000077
45.354553	1000077
90.099792	1000077
101.986938	1000077
106.338013	1000077
111.870239	1000077
150.546021	1000077
155.444824	1000077
174.895386	1000077
178.796326	1000077
197.047546	1000077
198.713379	1000077
213.797913	1000077
231.988708	1000077
241.603394	1000077
257.597839	1000077
275.773132	1000077
276.428650	1000077
276.434814	1000077
277.634338	1000077
308.088745	1000077
312.887756	1000077
313.436096	1000077
316.423645	1000077
322.554199	1000077
342.262024	1000077
366.252686	1000077
368.663879	1000077
376.812195	1000077
396.150513	1000077
402.022583	1000077
418.603455	1000077
419.304443	1000077
423.372009	1000077
436.502197	1000077
444.457520	1000077
444.810791	1000077
465.638184	1000077
470.687378	1000077
473.634216	1000077
4.325562	1000078
4.510864	1000078
15.308167	1000078
27.259521	1000078
32.768066	1000078
39.963379	1000078
92.696533	1000078
98.652344	1000078
113.160217	1000078
183.827454	1000078
186.568604	1000078
187.900513	1000078
188.761353	1000078
191.227051	1000078
193.759033	1000078
198.381470	1000078
217.007446	1000078
222.317139	1000078
239.054504	1000078
242.493469	1000078
250.730469	1000078
251.954895	1000078
262.375305	1000078
263.892883	1000078
279.085632	1000078
281.129578	1000078
306.124390	1000078
306.817017	1000078
314.649780	1000078
324.953857	1000078
357.918945	1000078
361.332581	1000078
362.625000	1000078
363.742920	1000078
417.676758	1000078
418.449524	1000078
425.141846	1000078
437.167969	1000078
457.903625	1000078
471.717529	1000078
496.360229	1000078
15.296997	1000079
22.668945	1000079
54.191345	1000079
58.965881	1000079
68.096802	1000079
68.736877	1000079
72.717285	1000079
75.322754	1000079
79.922913	1000079
84.074524	1000079
92.642822	1000079
94.218140	1000079
129.531921	1000079
132.447998	1000079
132.580322	1000079
134.939941	1000079
145.492554	1000079
178.001587	1000079
189.215515	1000079
204.858459	1000079
210.902893	1000079
235.717285	1000079
238.508179	1000079
268.845032	1000079
298.403748	1000079
337.834595	1000079
345.531433	1000079
357.191345	1000079
362.337585	1000079
378.449646	1000079
385.756836	1000079
392.745361	1000079
397.247681	1000079
408.452148	1000079
415.998047	1000079
426.161560	1000079
444.278992	1000079
475.411316	1000079
2.506073	1000080
25.855957	1000080
34.771057	1000080
37.623169	1000080
41.233032	1000080
49.838135	1000080
50.185486	1000080
76.441162	1000080
80.567627	1000080
81.632935	1000080
81.823669	1000080
84.057556	1000080
108.697937	1000080
109.268433	1000080
114.706482	1000080
141.995117	1000080
154.324280	1000080
156.113281	1000080
159.456726	1000080
161.588684	1000080
175.358765	1000080
188.575928	1000080
202.095093	1000080
225.339905	1000080
232.894104	1000080
247.748901	1000080
247.948792	1000080
262.473877	1000080
270.226807	1000080
283.669312	1000080
293.736145	1000080
301.147766	1000080
312.721924	1000080
329.597778	1000080
335.933960	1000080
336.598816	1000080
340.190430	1000080
356.943115	1000080
363.531921	1000080
388.917114	1000080
394.814758	1000080
396.248657	1000080
425.012573	1000080
432.296204	1000080
435.045349	1000080
445.311523	1000080
460.897766	1000080
475.427429	1000080
480.665100	1000080
491.435974	1000080
491.481140	1000080
14.017822	1000081
36.345764	1000081
44.760132	1000081
65.549438	1000081
68.806946	1000081
74.075989	1000081
74.895630	1000081
79.562805	1000081
94.719727	1000081
101.114197	1000081
108.766846	1000081
111.972778	1000081
112.396851	1000081
159.912537	1000081
164.035522	1000081
172.159851	1000081
187.073364	1000081
222.767883	1000081
250.415222	1000081
268.733154	1000081
270.633728	1000081
343.541748	1000081
350.360474	1000081
368.042175	1000081
376.349609	1000081
380.094421	1000081
380.332214	1000081
383.749939	1000081
385.723389	1000081
394.508240	1000081
402.018066	1000081
412.399292	1000081
413.659485	1000081
415.786743	1000081
427.404846	1000081
429.901855	1000081
435.573608	1000081
456.415222	1000081
463.868469	1000081
471.503357	1000081
483.789856	1000081
484.544678	1000081
490.131409	1000081
490.607910	1000081
496.185059	1000081
18.976501	1000082
33.865173	1000082
52.413513	1000082
68.130188	1000082
69.967712	1000082
126.204346	1000082
133.324768	1000082
147.431946	1000082
151.530212	1000082
155.559570	1000082
191.973389	1000082
211.739502	1000082
225.344849	1000082
232.320557	1000082
233.110168	1000082
236.863037	1000082
237.667053	1000082
248.819214	1000082
251.488770	1000082
260.697144	1000082
282.414368	1000082
311.443420	1000082
330.271301	1000082
339.507324	1000082
361.395203	1000082
382.131714	1000082
385.434570	1000082
400.079468	1000082
401.952148	1000082
413.276794	1000082
413.919312	1000082
452.458557	1000082
466.066833	1000082
6.098480	1000083
9.673584	1000083
19.526978	1000083
37.636841	1000083
88.629272	1000083
93.713928	1000083
99.872498	1000083
103.094666	1000083
114.071045	1000083
122.683350	1000083
145.815063	1000083
157.587708	1000083
177.784790	1000083
188.174561	1000083
190.763123	1000083
193.969727	1000083
201.541626	1000083
215.379639	1000083
222.603088	1000083
226.176636	1000083
233.533630	1000083
243.439209	1000083
251.226685	1000083
251.421814	1000083
252.589478	1000083
258.996338	1000083
259.163818	1000083
319.601685	1000083
341.357971	1000083
350.987122	1000083
364.169556	1000083
366.439636	1000083
375.221069	1000083
407.655212	1000083
413.181641	1000083
415.344177	1000083
418.732605	1000083
424.327393	1000083
453.698242	1000083
460.052551	1000083
465.362000	1000083
486.387573	1000083
498.144287	1000083
5.988342	1000084
22.046814	1000084
40.544617	1000084
42.161926	1000084
46.330627	1000084
65.154297	1000084
65.251221	1000084
68.358643	1000084
84.841797	1000084
85.841980	1000084
95.426331	1000084
102.991821	1000084
107.189392	1000084
110.266052	1000084
116.823975	1000084
118.590332	1000084
131.119385	1000084
149.436401	1000084
175.632507	1000084
212.676941	1000084
216.162842	1000084
216.870117	1000084
223.531250	1000084
249.518982	1000084
254.820862	1000084
283.268616	1000084
290.392212	1000084
302.484741	1000084
312.565918	1000084
322.077576	1000084
328.145020	1000084
338.249817	1000084
351.912720	1000084
369.830750	1000084
370.327148	1000084
372.388550	1000084
379.834717	1000084
382.930054	1000084
392.694885	1000084
411.500732	1000084
416.716248	1000084
456.917419	1000084
473.669373	1000084
483.083435	1000084
493.570129	1000084
24.003723	1000085
28.995728	1000085
70.651062	1000085
90.904785	1000085
97.839600	1000085
124.162964	1000085
127.086365	1000085
128.044373	1000085
129.050171	1000085
133.372375	1000085
152.238037	1000085
175.153748	1000085
180.537842	1000085
188.207153	1000085
205.323303	1000085
209.861389	1000085
210.750916	1000085
219.416687	1000085
232.801514	1000085
237.365845	1000085
238.328796	1000085
238.812744	1000085
248.838440	1000085
256.352661	1000085
262.486633	1000085
264.056885	1000085
309.272888	1000085
330.457336	1000085
342.530640	1000085
353.361328	1000085
360.421692	1000085
368.770752	1000085
393.945618	1000085
413.903564	1000085
416.062378	1000085
427.376953	1000085
428.523254	1000085
458.464233	1000085
470.649780	1000085
476.573547	1000085
486.500793	1000085
490.707031	1000085
495.858337	1000085
27.210083	1000086
29.564209	1000086
39.339905	1000086
60.252991	1000086
80.736084	1000086
81.075134	1000086
106.723206	1000086
130.969971	1000086
133.296631	1000086
144.847229	1000086
147.524536	1000086
157.183350	1000086
161.188843	1000086
165.845825	1000086
175.267883	1000086
188.273865	1000086
207.883606	1000086
210.417053	1000086
242.423401	1000086
246.995117	1000086
286.624878	1000086
300.700745	1000086
304.690613	1000086
314.650330	1000086
315.962280	1000086
319.724426	1000086
325.308289	1000086
328.761963	1000086
338.151978	1000086
349.029053	1000086
364.414917	1000086
370.799500	1000086
378.595642	1000086
380.169739	1000086
393.772827	1000086
394.782349	1000086
409.645264	1000086
456.294067	1000086
487.177307	1000086
0.669281	1000087
1.487305	1000087
9.304443	1000087
12.932678	1000087
17.528442	1000087
27.715942	1000087
30.587097	1000087
31.904358	1000087
45.448669	1000087
57.691162	1000087
60.039246	1000087
64.567871	1000087
68.334534	1000087
71.525085	1000087
72.996887	1000087
86.518005	1000087
87.082520	1000087
95.444214	1000087
107.094116	1000087
112.832336	1000087
123.672729	1000087
131.228882	1000087
140.775879	1000087
150.098572	1000087
170.903259	1000087
186.394775	1000087
186.697876	1000087
192.234436	1000087
202.289001	1000087
207.000000	1000087
218.922241	1000087
265.898926	1000087
278.633301	1000087
305.067932	1000087
306.489319	1000087
315.824707	1000087
326.160400	1000087
358.034668	1000087
358.151611	1000087
359.989807	1000087
371.856873	1000087
381.106567	1000087
396.734375	1000087
405.014038	1000087
405.336121	1000087
439.614502	1000087
444.568726	1000087
23.708374	1000088
47.483704	1000088
55.733459	1000088
67.291687	1000088
86.082397	1000088
87.137085	1000088
90.796387	1000088
113.764771	1000088
119.123779	1000088
144.525818	1000088
167.347595	1000088
177.118530	1000088
198.331604	1000088
203.224121	1000088
203.648315	1000088
252.955017	1000088
278.779297	1000088
281.434875	1000088
290.633911	1000088
320.014893	1000088
329.176758	1000088
334.130493	1000088
351.860107	1000088
365.573303	1000088
369.493042	1000088
392.668823	1000088
407.852234	1000088
428.003235	1000088
443.990234	1000088
449.789856	1000088
468.553955	1000088
489.143494	1000088
18.763794	1000089
23.414307	1000089
31.713867	1000089
43.850464	1000089
44.213562	1000089
64.536621	1000089
73.969543	1000089
76.205017	1000089
83.615234	1000089
89.398865	1000089
115.270691	1000089
116.698242	1000089
124.794678	1000089
130.084961	1000089
138.228699	1000089
220.708069	1000089
223.385620	1000089
227.873047	1000089
246.262756	1000089
266.614441	1000089
284.557068	1000089
339.930969	1000089
362.778625	1000089
363.626221	1000089
370.058777	1000089
371.548584	1000089
407.527832	1000089
425.336487	1000089
428.654541	1000089
437.718262	1000089
449.296204	1000089
463.352661	1000089
468.366272	1000089
472.029419	1000089
483.856934	1000089
9.910919	1000090
10.928009	1000090
30.215088	1000090
32.093201	1000090
51.961731	1000090
70.923523	1000090
78.773743	1000090
83.142395	1000090
100.489441	1000090
106.193848	1000090
123.301208	1000090
126.750488	1000090
131.002258	1000090
152.599670	1000090
154.933899	1000090
158.192261	1000090
171.319885	1000090
180.741150	1000090
187.562927	1000090
212.840332	1000090
221.866089	1000090
223.909912	1000090
229.684082	1000090
230.916199	1000090
235.980957	1000090
247.730957	1000090
248.017822	1000090
307.052185	1000090
314.402161	1000090
321.485229	1000090
329.885437	1000090
361.707825	1000090
379.868103	1000090
397.171509	1000090
397.814941	1000090
411.487305	1000090
428.973755	1000090
438.052246	1000090
444.113159	1000090
447.165405	1000090
454.509094	1000090
455.898315	1000090
468.699524	1000090
479.749146	1000090
481.646118	1000090
482.361511	1000090
7.080444	1000091
8.933289	1000091
15.667908	1000091
35.322327	1000091
40.640808	1000091
43.080383	1000091
57.344177	1000091
61.964233	1000091
74.419495	1000091
81.186829	1000091
97.311218	1000091
98.604431	1000091
105.990479	1000091
113.498596	1000091
114.107849	1000091
127.979675	1000091
147.198792	1000091
171.717468	1000091
181.020752	1000091
196.164917	1000091
199.536682	1000091
202.084045	1000091
206.900330	1000091
225.059937	1000091
240.600952	1000091
263.165527	1000091
268.407959	1000091
295.855469	1000091
351.856323	1000091
390.800049	1000091
403.504944	1000091
417.818848	1000091
427.266235	1000091
450.004944	1000091
467.129883	1000091
468.556458	1000091
471.522705	1000091
471.750793	1000091
474.553040	1000091
475.108215	1000091
8.838745	1000092
31.636658	1000092
61.693909	1000092
63.738281	1000092
63.856018	1000092
72.606079	1000092
84.179016	1000092
89.876404	1000092
96.353821	1000092
96.656311	1000092
99.021118	1000092
104.005005	1000092
104.494263	1000092
105.640015	1000092
133.317871	1000092
136.479858	1000092
141.131348	1000092
144.526062	1000092
151.394409	1000092
169.383606	1000092
177.701721	1000092
187.075684	1000092
210.163025	1000092
213.882446	1000092
227.520813	1000092
236.767212	1000092
241.339294	1000092
261.093628	1000092
269.739258	1000092
294.690552	1000092
323.310425	1000092
334.428284	1000092
347.124451	1000092
363.164368	1000092
372.196960	1000092
381.898193	1000092
400.403015	1000092
400.803040	1000092
416.774902	1000092
443.222229	1000092
475.745483	1000092
492.191467	1000092
498.238037	1000092
12.478577	1000093
15.133850	1000093
27.838562	1000093
34.244507	1000093
47.682678	1000093
47.857666	1000093
52.323669	1000093
72.119080	1000093
75.838867	1000093
82.891357	1000093
95.948914	1000093
118.348389	1000093
123.684265	1000093
143.753174	1000093
146.802002	1000093
147.140137	1000093
184.554565	1000093
189.337097	1000093
194.712891	1000093
226.707703	1000093
239.754883	1000093
243.845398	1000093
251.062805	1000093
256.446655	1000093
266.185242	1000093
268.021301	1000093
290.543030	1000093
305.246216	1000093
336.425476	1000093
342.219666	1000093
355.336731	1000093
357.297302	1000093
366.874207	1000093
379.727539	1000093
381.164673	1000093
385.885254	1000093
388.765259	1000093
393.410828	1000093
396.015564	1000093
398.730896	1000093
403.759277	1000093
441.114136	1000093
447.650330	1000093
459.315796	1000093
463.365662	1000093
478.933350	1000093
10.393158	1000094
16.087036	1000094
29.778931	1000094
39.030457	1000094
57.607727	1000094
59.509949	1000094
60.475708	1000094
70.080627	1000094
70.777039	1000094
83.854187	1000094
86.721252	1000094
87.503967	1000094
91.120117	1000094
151.657715	1000094
154.824219	1000094
163.476868	1000094
198.947327	1000094
204.856018	1000094
206.566711	1000094
234.865417	1000094
242.114929	1000094
242.527161	1000094
291.105896	1000094
318.707092	1000094
324.909790	1000094
331.295288	1000094
339.956421	1000094
348.824036	1000094
358.729675	1000094
365.835876	1000094
382.577759	1000094
386.518921	1000094
395.423584	1000094
396.493103	1000094
399.599548	1000094
409.080017	1000094
414.059021	1000094
414.539124	1000094
425.649231	1000094
452.260681	1000094
453.341309	1000094
467.250244	1000094
469.060669	1000094
483.822205	1000094
490.068115	1000094
490.763123	1000094
491.320129	1000094
18.741760	1000095
28.197571	1000095
33.594055	1000095
49.085815	1000095
57.944336	1000095
58.912354	1000095
71.023132	1000095
77.546875	1000095
79.358643	1000095
80.627869	1000095
91.425964	1000095
119.024292	1000095
139.605286	1000095
151.841858	1000095
153.749023	1000095
163.036377	1000095
165.928467	1000095
189.860168	1000095
196.867981	1000095
197.719849	1000095
219.802368	1000095
221.849670	1000095
233.114380	1000095
237.336121	1000095
256.293640	1000095
271.444702	1000095
282.450745	1000095
288.371155	1000095
299.412048	1000095
302.885742	1000095
306.773376	1000095
325.255005	1000095
342.580139	1000095
351.070496	1000095
356.610291	1000095
369.527405	1000095
382.001587	1000095
2.996735	1000096
7.825470	1000096
11.226807	1000096
17.685852	1000096
41.822876	1000096
55.668945	1000096
62.549255	1000096
86.926208	1000096
102.522217	1000096
119.646240	1000096
129.942566	1000096
133.472778	1000096
151.331848	1000096
158.260254	1000096
164.181396	1000096
173.051086	1000096
181.240173	1000096
191.298096	1000096
198.251953	1000096
219.291870	1000096
225.855347	1000096
240.796387	1000096
242.937317	1000096
262.344055	1000096
269.287781	1000096
278.704407	1000096
306.105530	1000096
307.413452	1000096
347.145874	1000096
358.940002	1000096
381.840088	1000096
386.211731	1000096
400.802063	1000096
400.843872	1000096
428.495911	1000096
469.064575	1000096
483.607361	1000096
6.631836	1000097
16.028687	1000097
16.097900	1000097
17.677551	1000097
62.988037	1000097
67.306824	1000097
71.102173	1000097
117.016174	1000097
117.412720	1000097
134.136658	1000097
142.966736	1000097
146.670593	1000097
151.419983	1000097
154.232117	1000097
168.727783	1000097
188.821167	1000097
192.247437	1000097
199.046631	1000097
202.941589	1000097
236.175476	1000097
255.817017	1000097
266.177917	1000097
273.203857	1000097
324.362915	1000097
329.716492	1000097
331.172180	1000097
334.698730	1000097
336.368835	1000097
340.448425	1000097
368.600464	1000097
369.803711	1000097
374.377869	1000097
384.945190	1000097
393.210205	1000097
413.749084	1000097
450.986816	1000097
463.580688	1000097
12.842529	1000098
16.794617	1000098
23.882019	1000098
28.559143	1000098
29.997925	1000098
59.307922	1000098
60.228271	1000098
66.838379	1000098
75.994080	1000098
97.152588	1000098
105.128235	1000098
112.056091	1000098
120.261047	1000098
128.553406	1000098
165.002869	1000098
166.891418	1000098
168.366333	1000098
182.987854	1000098
221.400024	1000098
227.714172	1000098
233.313599	1000098
233.441833	1000098
234.016602	1000098
236.699341	1000098
243.825439	1000098
250.895386	1000098
318.814209	1000098
333.952148	1000098
340.655823	1000098
345.020020	1000098
345.920227	1000098
382.583557	1000098
414.273865	1000098
430.731018	1000098
432.352722	1000098
446.882019	1000098
450.020447	1000098
465.774109	1000098
468.561096	1000098
469.923645	1000098
481.923340	1000098
486.654358	1000098
486.837097	1000098
1.667938	1000099
5.898743	1000099
9.097107	1000099
100.144287	1000099
130.089539	1000099
138.696472	1000099
169.177368	1000099
170.088135	1000099
173.729614	1000099
175.025208	1000099
186.617615	1000099
202.279297	1000099
223.800964	1000099
233.426697	1000099
238.183350	1000099
259.643494	1000099
261.893616	1000099
272.937073	1000099
287.526794	1000099
327.264771	1000099
329.874756	1000099
351.632996	1000099
374.720764	1000099
385.992188	1000099
394.651184	1000099
409.287109	1000099
443.448914	1000099
446.158081	1000099
450.283875	1000099
464.390564	1000099
479.849976	1000099
483.617126	1000099
496.926208	1000099
